2.4521470608927958031342649987741020e-02	-2.3450958856680396556065075278631873e+00	1.1618560502891256925490868681469878e-01	2.6146880484120653766884324752368202e-01
6.8133320647576783959650901216041803e-02	-1.5913404419162647321539781443721517e+00	3.2262994458429801196611109294450013e-02	1.5374244819559992311458700638988041e-01
1.0953042463980011856916893158900778e-01	-1.0578250452981470126737085320921755e+00	1.9636222995844080350975035900370367e-02	1.2091657272587890266352287508192674e-01
1.4064903608227397262861133443735482e-01	-6.0985750887124719632272111360405973e-01	1.5196924890421357362837176178200200e-02	1.0660684171202741176494380829036396e-01
1.5716574802142116681122618276985457e-01	-1.9962285164508491990376642656320164e-01	1.3572314282287236931595920583565919e-02	1.0081701266825270052709795377290588e-01
1.5716574802142116681122618276985457e-01	1.9962285164508491990376642656320164e-01	1.3572314282287236931595920583565919e-02	1.0081701266825270052709795377290588e-01
1.4064903608227397262861133443735482e-01	6.0985750887124719632272111360405973e-01	1.5196924890421357362837176178200200e-02	1.0660684171202741176494380829036396e-01
1.0953042463980011856916893158900778e-01	1.0578250452981470126737085320921755e+00	1.9636222995844080350975035900370367e-02	1.2091657272587890266352287508192674e-01
6.8133320647576783959650901216041803e-02	1.5913404419162647321539781443721517e+00	3.2262994458429801196611109294450013e-02	1.5374244819559992311458700638988041e-01
2.4521470608927958031342649987741020e-02	2.3450958856680396556065075278631873e+00	1.1618560502891256925490868681469878e-01	2.6146880484120653766884324752368202e-01
0.0000000000000000000000000000000000e+00	0.0000000000000000000000000000000000e+00	2.2937052904501530195634076798596074e-02	1.2193951485127494237021703856069833e-01