9.347000000000001141e-02 -1.719733674464069551e-01 1.913426575647389771e-01 5.692101017943199670e-01 1.511641769141400249e-01 -5.258808623040529540e-01 -1.121006180621740012e-01 -8.821103341392080299e-01 -7.559418995026819799e-01 2.690919000695080054e-01 -6.377589382800960549e-02 -6.803676588026939809e-02 1.296941601016990131e-01 -3.740307054268710574e-01 -1.330920388407930144e-01 1.530879228426210159e-01 -4.397435339409379584e-01 1.454848446801959849e-01 3.613026418837659848e-01 -2.848107829198210372e-01
1.039000000000000062e-01 -4.348037456501370190e-01 6.104659604772170317e-02 -1.844222571327939764e-01 4.824794724443299820e-01 -4.049220343196079791e-02 -5.630986977557550510e-01 -1.525238783158110178e-01 3.222625814993040211e-02 -3.307120285213879796e-01 3.558611904941099691e-01 -2.845460081582609768e-01 4.388569999576860670e-01 4.596409671709379419e-01 2.944155954666010100e-01 1.719731712401059986e-01 4.452635823997679737e-02 6.192284586318740347e-01 -3.045115728735799943e-01 6.749729083710900301e-01
1.017300000000000010e-01 -4.584389036618879421e-01 -1.259631072427689902e-01 8.702870039197189989e-02 -6.421998836324499527e-01 -1.436862750369400088e-01 -3.382298551107999485e-01 4.490200017435579949e-01 4.759028222706229716e-01 6.159474019772650522e-01 -4.031310518222520206e-02 -3.565441277181700258e-02 -1.048119972346349960e-01 1.973003471861200023e-02 -6.613002247491120977e-01 3.311566709238339956e-01 4.701065813764430112e-01 2.472743034384680128e-01 3.731053604132510970e-01 7.376047902955229496e-02
9.642000000000000570e-02 1.980970566504719754e-01 1.658591844556530082e-01 -8.391599773106199756e-01 6.690017274993729224e-01 -1.332019802879540193e-01 3.182496463148110077e-02 3.478405545423590012e-02 6.928944474434020062e-01 2.631914700116009809e-01 -9.726516836279558778e-03 -1.696173525343500077e-01 4.106746478896529107e-01 -2.251617566970580131e-01 -2.143041285125189543e-01 -3.203498524328199926e-01 -2.987962578167649985e-01 -4.427869639565960580e-01 3.002948176084060394e-01 -3.557064229642039610e-01
1.057200000000000084e-01 1.395923141491239861e-01 2.856990908074820146e-01 1.158244213041999954e-01 1.973036695279919983e-01 -1.088690296623600062e-01 -2.393946460384089869e-01 3.856789551922849557e-01 -3.362285779619420545e-01 -4.298504181778559641e-01 -8.651634940882539648e-02 -3.323263040722920086e-02 -8.933512821547069660e-02 -3.669234289512089686e-02 9.934462193398009566e-02 4.035781494158879878e-01 7.978090583691740401e-01 -3.565287112012129334e-01 -4.878673705776489511e-01 -8.297797188391441425e-01
9.948999999999999511e-02 9.659295517790060515e-02 -1.898873016383169909e-01 4.496395768009160410e-01 1.235099273089430155e-01 2.403072194429089758e-01 8.890337768776808147e-01 -2.409998910599649991e-01 2.220426906841860004e-01 -1.971363315470410216e-01 -8.628021932035300212e-01 -3.434904984897030333e-01 1.270122755072259912e-01 3.444517562144850387e-01 2.272821386857469816e-01 -2.421717531144350066e-01 4.589506803136140234e-01 6.437810496365869994e-02 2.997093400405209662e-01 1.503646694078719925e-01
1.051099999999999951e-01 4.818765786810620400e-01 2.611396525065169932e-03 4.098355188460610088e-01 2.007207412047740114e-02 2.334010231626800214e-01 -4.738785252953169741e-02 -3.885863862815049780e-02 1.325572680021659955e-01 -5.117595771655870651e-01 8.495645232042270401e-01 3.176734589669760189e-01 -3.829139133365520031e-01 -3.678700977697979546e-01 -9.739212710764200143e-02 4.822339255310290030e-05 4.844074255764990039e-02 -3.512737003875029962e-01 5.096172505011971055e-01 5.433786488948360027e-01
1.015000000000000069e-01 5.697222124481700067e-01 -2.147938380870650088e-01 1.727297318298710166e-02 -4.147816570804600533e-01 3.622573723616829278e-01 -9.673240180997190463e-02 3.707336727707760127e-01 -7.427594837500929581e-02 1.797889758836669905e-01 -4.488822296016270474e-03 -3.886647455440589982e-01 -1.781146208807780351e-01 -3.912527677508360058e-01 4.082648012696489803e-01 -2.299424813961190028e-01 -6.489577012145679724e-01 7.156347125176228952e-01 -4.252863342336680175e-01 -2.905088082346550249e-01
1.024400000000000033e-01 -3.250397936326490100e-01 6.894272351648980668e-02 -5.935366044973978683e-01 -6.677142665478000838e-01 -2.781498447476919988e-01 -1.629037306887349823e-01 -7.110322274201820447e-02 -2.081245428650730089e-01 -1.389427242491040049e-01 -4.661740532004500226e-01 4.060044538067620334e-01 -2.838264806753220126e-01 2.100257911560189650e-03 5.933953895913329779e-01 -3.779236048255900093e-01 -1.418943813839159962e-01 -5.973373144710860672e-01 -1.061660428344290003e-01 3.850834376136620385e-01
9.022000000000000852e-02 -1.192704118363060034e-01 -2.688215180387280023e-01 -3.317388708352519977e-02 1.309153195617709931e-01 3.947572339299070254e-01 7.611341741322759091e-01 6.880157793201099881e-02 -2.164890839051710203e-01 3.990728190351179872e-01 3.095266586957619581e-01 6.435413082602788881e-01 -2.709512209976349881e-02 6.060779698949370076e-01 -6.131325596392520616e-01 9.419637484925580395e-02 -4.126533366391640367e-01 -4.028013302197380047e-02 -5.188100289804949972e-01 -1.222141843503160019e-01
0.000000000000000000e+00 0.000000000000000000e+00 0.000000000000000000e+00 0.000000000000000000e+00 0.000000000000000000e+00 0.000000000000000000e+00 0.000000000000000000e+00 0.000000000000000000e+00 0.000000000000000000e+00 0.000000000000000000e+00 0.000000000000000000e+00 0.000000000000000000e+00 0.000000000000000000e+00 0.000000000000000000e+00 0.000000000000000000e+00 0.000000000000000000e+00 0.000000000000000000e+00 0.000000000000000000e+00 0.000000000000000000e+00 0.000000000000000000e+00
