4.7524748771175782543725573022952456e-03	-2.9079606783683841963010327564498190e+00	8.5087613193341271663722329487829847e-02	2.2178249933313571124740821976251619e-01
1.4574794203175608186209279080806336e-02	-2.2787139395025731289271610321795226e+00	2.1213486384801061818467070061008674e-02	1.2431086545670222328437095653067412e-01
2.6167977870684019356572298202272326e-02	-1.8569773889164496515754309935113130e+00	1.1539106263454400987874237125448926e-02	9.2534639482283738189843044508228122e-02
3.8153342170807815367544210261608918e-02	-1.5234142919930826826479444306240991e+00	7.8562500964500097994865826674322821e-03	7.6565188678071498360710360312910205e-02
4.9623785627087823397837755897103597e-02	-1.2384672136365404555283444318004377e+00	6.0212125289581838750936701374518499e-03	6.7107254048562289539585458756967086e-02
5.9948614410758147973469475590025768e-02	-9.8364244453385000026716350824798553e-01	4.9761925527717101081348145944720001e-03	6.1041525350986400694743472058899675e-02
6.8675125400963623653532164782940411e-02	-7.4853328930631609137856427740167036e-01	4.3399919381517188356521826431904486e-03	5.7023888465077285602271247043646926e-02
7.5478203095746321193432533376470300e-02	-5.2648815187174733961270205792353364e-01	3.9467810359293246487371710147657471e-03	5.4388946051883511769609862976544987e-02
8.0132035254861491696064717890529078e-02	-3.1279137562308180794704077291571033e-01	3.7164952796318405678507297604696870e-03	5.2783493044085121699360884914442681e-02
8.2493647088797570920965007615948020e-02	-1.0376258179382386864836865927211592e-01	3.6096325565416260457388831443709534e-03	5.2021358047969274832251511589248717e-02
8.2493647088797570920965007615948020e-02	1.0376258179382386864836865927211592e-01	3.6096325565416260457388831443709534e-03	5.2021358047969274832251511589248717e-02
8.0132035254861491696064717890529078e-02	3.1279137562308180794704077291571033e-01	3.7164952796318405678507297604696870e-03	5.2783493044085121699360884914442681e-02
7.5478203095746321193432533376470300e-02	5.2648815187174733961270205792353364e-01	3.9467810359293246487371710147657471e-03	5.4388946051883511769609862976544987e-02
6.8675125400963623653532164782940411e-02	7.4853328930631609137856427740167036e-01	4.3399919381517188356521826431904486e-03	5.7023888465077285602271247043646926e-02
5.9948614410758147973469475590025768e-02	9.8364244453385000026716350824798553e-01	4.9761925527717101081348145944720001e-03	6.1041525350986400694743472058899675e-02
4.9623785627087823397837755897103597e-02	1.2384672136365404555283444318004377e+00	6.0212125289581838750936701374518499e-03	6.7107254048562289539585458756967086e-02
3.8153342170807815367544210261608918e-02	1.5234142919930826826479444306240991e+00	7.8562500964500097994865826674322821e-03	7.6565188678071498360710360312910205e-02
2.6167977870684019356572298202272326e-02	1.8569773889164496515754309935113130e+00	1.1539106263454400987874237125448926e-02	9.2534639482283738189843044508228122e-02
1.4574794203175608186209279080806336e-02	2.2787139395025731289271610321795226e+00	2.1213486384801061818467070061008674e-02	1.2431086545670222328437095653067412e-01
4.7524748771175782543725573022952456e-03	2.9079606783683841963010327564498190e+00	8.5087613193341271663722329487829847e-02	2.2178249933313571124740821976251619e-01
0.0000000000000000000000000000000000e+00	0.0000000000000000000000000000000000e+00	6.2077898848880258025633796538645221e-03	6.3480674035670614060492648447458979e-02