5.172000000000000208e-02 5.223998847914170796e-01 -7.259408734818659781e-01 -6.370019468651479944e-01 -2.476879612441379996e-01 7.781128511578179474e-02 -8.965320661694058391e-01 2.852623004791970396e-01 1.405205172613900044e-01 -6.224767439194760499e-01 1.492340902409559911e-01 -4.408691059803889756e-01 -2.348376653294589611e-01 4.726631906287310225e-01 1.044065272103689990e-01 3.459744041479489995e-01 7.017098444299251225e-01 2.532797910275830233e-01 2.861416475872579843e-02 2.630827453709240135e-02
4.911000000000000087e-02 5.367642513715400326e-02 1.018501953975650132e-01 3.298503821193660146e-01 2.436973443288839580e-01 6.670511398909430012e-01 1.085486589530490209e-01 4.506830799652010167e-01 -2.365121182955510215e-01 -1.896230806141420144e-01 -1.104334865050540015e+00 1.419226138573640161e-01 5.229221722870720512e-01 5.056610964025030075e-01 7.391385747886208835e-01 -2.768775874197489939e-01 3.143449957675130135e-01 -1.323471505449100027e-01 -3.811460332321800482e-01 -3.367896968002669356e-01
5.149999999999999717e-02 -8.099545753556489647e-01 -4.485788753485779323e-01 9.931092872533310578e-02 2.047057256796449842e-01 -1.208326175555499982e-01 -5.032823476536539831e-01 -4.709182296503929832e-01 -3.630824182256729982e-01 -3.887809756613279100e-01 -3.062153326720979951e-01 -1.094596553418570040e-01 2.788588561325449633e-01 -1.332423091417820060e-01 -7.026947867086710264e-01 -7.077061589698209199e-01 -9.836898051173939561e-02 3.650615664257899629e-01 -5.848046110453030133e-01 5.836277128530720226e-01
5.108000000000000040e-02 -1.587166757483349788e-01 -1.437482436267839836e-01 2.245603018930269756e-01 6.866239333458030725e-01 -1.015242818620409881e+00 1.021829414924509821e-01 2.208325191843570068e-01 -4.961067359034839752e-01 3.604931189183090134e-02 2.520863221729059966e-01 -5.343074496250940220e-01 -6.186976073529430048e-02 -2.199954204123550361e-01 5.353558008608430008e-01 7.848291914976399664e-01 -1.364684068759199898e-01 -2.781806696230789688e-01 -6.103038890666989680e-01 -1.505779414010589845e-01
5.000999999999999890e-02 2.870715347477689749e-01 3.705050753089710047e-02 -2.997560083986419710e-01 -6.185218390910660613e-01 -3.334222782580210098e-01 3.129963658126690418e-01 2.230567639466880248e-01 -5.729389798224489017e-01 -1.884031944553510030e-01 6.900971305286899282e-01 -2.990876920705730080e-01 9.693429784103859692e-01 8.126582986976860212e-02 -1.757483300110959934e-01 -6.238343776559469589e-01 -4.105953706483870258e-01 -1.544906815851569692e-01 2.592090268790649965e-01 -6.399814804250789635e-01
4.979999999999999705e-02 -2.537445075548699913e-01 -4.960696482600270296e-01 -3.540518201372220286e-01 -3.475580094806819953e-01 3.685554096824260051e-01 9.210940295186059723e-01 -7.719206842824221093e-01 -7.556864041678309496e-01 1.892804181308749972e-02 9.952578739638570648e-02 1.682948418507019817e-01 -2.650853322704099790e-01 -1.168735281327100139e-01 6.606433603534189736e-01 8.402126994157860240e-02 3.171653681128669966e-01 2.952409046241880053e-01 4.029748344964410589e-01 3.319080693661889958e-01
5.036000000000000199e-02 -1.459006260101340102e-01 4.103604525409609849e-01 7.438280155187410037e-01 -6.468881082977130381e-01 -1.093703720600509993e-01 3.377499076778220366e-01 4.697957990780920468e-01 1.431128948024880110e-01 5.553472657586229211e-01 3.628765145145049775e-01 -2.617815867505339789e-01 -2.918760103244850135e-01 7.849255891795219320e-01 -7.229179493856710548e-02 9.222680689961829451e-03 1.961538870975829962e-01 8.003214257344949401e-01 -4.639503965703000166e-01 2.892332616788689248e-01
4.918000000000000149e-02 -1.161364980225089993e-01 -1.097605053863810048e-01 9.228762516708589880e-02 2.169532500977670031e-01 -3.042778449293569998e-01 -1.135102257730380010e-01 -3.697605393451810496e-01 3.487482853946849981e-01 8.482071877953539785e-01 -7.418608372420379959e-01 -6.003871576665619214e-01 -7.363513792236320299e-02 1.533400994706629883e-01 -2.410369037188250241e-01 -9.012267286926198273e-02 -2.520145387785490132e-01 5.645218530729579909e-01 8.276903457964889244e-01 -6.776643525708480054e-01
4.803000000000000325e-02 -2.504057211321970011e-01 -3.900170257343910096e-01 6.890678847750960623e-01 -6.673376039120318959e-01 6.238840746717169705e-02 -8.531913022680841507e-01 2.363477845910960107e-01 -2.323466291158849881e-02 4.847598982537120738e-01 1.021120654188809873e-01 6.333203081073101037e-01 -1.863858237364650061e-01 -8.167136325139909836e-01 4.776295529101979853e-01 -2.030840622730260003e-01 6.843947928711620332e-02 -3.554575551133929423e-01 1.733270545103549887e-01 -2.833090391557159804e-01
4.916999999999999843e-02 7.663504235183740132e-01 -5.630010193147360065e-01 3.459542867992159709e-01 3.366417001244130236e-01 3.545561955054359754e-02 5.550333456581729719e-01 1.417727623425200055e-03 -1.065664641295740039e-01 -1.222888989107529939e-01 -4.572794075207450154e-02 8.039572177351270721e-01 -2.819581337340359983e-01 -2.012104321595739598e-01 -9.266689924783519938e-01 2.394121344611080046e-02 3.026517778166979977e-01 9.446395664182949403e-02 -4.070725457625120058e-01 -5.593284877881700146e-01
5.100999999999999979e-02 4.613054931120279534e-01 -6.388778828037170454e-01 -4.901093918245039843e-02 -1.081802499726469829e-01 4.397695249086149838e-01 1.906063402284019770e-01 -8.357872270166880058e-02 5.659533678774300025e-01 1.260000233589189944e-01 -1.113133816452230168e-01 -1.261075347201240093e-01 1.853370373699489704e-01 4.194807888480950320e-02 2.133762573703289755e-01 1.652349414564779906e-01 -1.360866412363959776e+00 -1.761710571418469706e-01 -3.990836803919570186e-01 5.966441268916460317e-01
5.029999999999999749e-02 -7.052081129215229671e-01 1.392016541418649930e-02 8.949445506849559862e-02 8.744880938077799482e-02 3.323601713692809767e-01 4.017760607153789687e-01 -4.268043432580820307e-01 1.145533989534090136e+00 -3.439951578807160515e-01 5.786320838036860259e-01 -3.914860801849029404e-01 -8.897129217616969732e-03 -3.296879616761289600e-01 6.317095170015270267e-02 -6.664066243084340591e-02 4.014377188754790216e-01 -3.077638472212669840e-01 -1.973520921823010144e-01 -6.485309346819079224e-01
4.908999999999999475e-02 5.416064025303449908e-02 5.926141388321090053e-01 2.759702473654360166e-01 -1.360654081491350087e-01 6.645151481546949235e-01 -8.384137015067301413e-02 4.527515907327830241e-02 -5.918024890623789780e-01 -2.779300968589690224e-01 4.447711380734879760e-02 -6.949220803471919394e-01 -9.567413176191450486e-01 7.161650783102779805e-02 -4.400270665146389648e-01 -5.236501006731680147e-02 -1.784948331281360212e-01 -8.663691174971019926e-01 1.777534138515360351e-01 1.640648561884219814e-01
4.998000000000000359e-02 -7.950549619680200575e-01 3.606666636338599630e-01 -8.446219540803949766e-01 -3.950868286090010173e-01 8.849358967911209739e-02 -2.135114017590510060e-01 2.016776507060679680e-01 -1.824809990651680147e-01 3.273130725021939913e-01 -2.902715075691379987e-01 6.256875946662239230e-01 -9.203850173409479363e-02 2.481296683993399754e-01 -5.341486307086460439e-01 8.217122133941519024e-01 -2.841686888962730029e-01 -8.790653930394400073e-02 -3.393673388347980269e-01 -4.505234601503860237e-01
5.244000000000000050e-02 4.833791325360010660e-01 6.997555523896751284e-01 -7.349512952073050664e-01 6.661857914271750447e-01 4.279050301082820695e-01 -1.541920395311340009e-01 1.484160496726239786e-01 -1.085116481717050135e-01 6.440563027479520031e-01 2.737035411872879576e-01 -6.680904787193189809e-02 1.830570746534399690e-02 -7.779166000687181004e-01 2.077630337511300052e-01 -2.629443599271609755e-01 2.017377343658409983e-01 5.916766345592479048e-01 -3.555757954895599759e-01 1.818556314472330113e-02
5.134999999999999981e-02 3.509158027481339981e-01 2.566888054283850140e-01 1.984817050525799764e-01 2.805945429440410144e-01 -3.183726990114459782e-02 -4.028125634872050109e-01 -7.631556363400949783e-01 1.112899725310359939e-01 5.680465085062770259e-01 4.212446877395359945e-01 4.177254542953289795e-01 7.530898889490189596e-01 7.183609037139789821e-01 -2.059122268881079798e-01 1.429580527070150042e-01 3.842936004171699782e-01 -6.555495672451530087e-01 1.355800817897450106e-01 5.071824532616470149e-01
4.846000000000000307e-02 2.513546478994350131e-01 2.824134779807130347e-01 -2.159201620579889735e-01 -5.698868995020279771e-01 -7.472054960537800605e-01 4.941358098900750506e-01 2.171200740296790055e-01 4.631932900372439654e-01 -1.493295605422829964e-02 -7.704016212457130974e-01 -1.178668401756340078e-01 1.866070308031149982e-01 -5.928950391942139353e-01 -2.101784855119969708e-01 1.052417570079530046e-02 5.438514472463170657e-01 -5.751955367134800046e-01 1.996308702233499932e-01 7.316888730697740373e-01
4.989999999999999991e-02 -4.243728566803049995e-01 -1.733416194814360045e-01 1.194763118982950095e-01 6.431411552447180435e-01 2.744674912048580273e-01 1.518237078590530253e-01 9.877083739826350017e-01 1.021158910713740042e-01 -2.595186639388760153e-01 3.578967249675600315e-01 1.462634409678439940e-01 3.101416504459509893e-01 -2.511508847564449809e-01 -2.275196192336380041e-01 3.354147049276450243e-01 -2.773281563792660137e-02 3.180653821896060052e-01 1.081669694176709884e+00 4.986813248746470584e-01
4.723999999999999727e-02 4.573610211722199392e-01 7.808601555165379793e-01 4.618757136043030176e-01 -1.585906563423859772e-01 -1.408580038106350130e-01 -3.019705699150869727e-01 -6.728014385469800462e-01 8.514598437626930139e-02 -1.019241199930300157e+00 -1.218224550225529973e-01 1.920328484650300205e-01 6.893246546095879723e-02 -2.648199477267489943e-01 2.195637374311110446e-01 5.088502879533289835e-01 -4.115523327691429367e-01 5.691397187218570908e-01 3.464034076076610291e-01 -1.659899472646949870e-01
5.027000000000000218e-02 -2.206437901438849936e-02 1.981027279117360262e-01 -4.301441331100929744e-01 4.394881220011589429e-01 -6.461116524608450096e-01 -2.300609036594750134e-02 6.535719320507739349e-02 3.334808619082579861e-01 -2.336541261645170009e-01 7.236925152575320042e-02 5.661527388113219983e-01 -8.697375919339229711e-01 5.735673123234279469e-01 5.218253394417070590e-01 -9.308274264466929182e-01 -2.836352219041179956e-01 -2.917402850605469999e-01 1.996992350356519563e-01 1.056902111757400120e-01
0.000000000000000000e+00 0.000000000000000000e+00 0.000000000000000000e+00 0.000000000000000000e+00 0.000000000000000000e+00 0.000000000000000000e+00 0.000000000000000000e+00 0.000000000000000000e+00 0.000000000000000000e+00 0.000000000000000000e+00 0.000000000000000000e+00 0.000000000000000000e+00 0.000000000000000000e+00 0.000000000000000000e+00 0.000000000000000000e+00 0.000000000000000000e+00 0.000000000000000000e+00 0.000000000000000000e+00 0.000000000000000000e+00 0.000000000000000000e+00
