3.329666666666669661e-02 -4.146695596399460615e-01 2.080385357854039885e-01 -7.570994716583590023e-02 -4.985162241795159654e-01 3.884548543538819954e-01 -7.516360726241509346e-03 4.758364224693950040e-01 -1.598988419931519911e-01 -1.952185514548709921e-01 6.462430600464129649e-01 -5.985335704615379893e-01 1.146511912308070036e+00 -6.370379301784739878e-02 4.538486655227949584e-01 -1.566854444654819933e-01 -2.852369461445689591e-01 9.016057673262858341e-01 -2.868360803996450326e-01 -5.931235841135239911e-02
3.298000000000000237e-02 -3.091898282293710221e-01 2.094501684964510113e-01 -2.525525393615919989e-01 -2.219221191011219729e-01 3.240695105295690048e-01 -9.661280305946369495e-02 2.129225525775269856e-01 1.057549195306080048e+00 2.993730569696889665e-01 -6.250352488616000013e-01 2.642273035676599990e-01 4.220306957972879691e-01 1.684266855237799912e-02 5.033477027565349537e-01 6.059992927566359988e-01 -1.061475122320389985e-01 -9.505708744776709684e-01 -5.579591930972850333e-01 -2.909905138317730455e-01
3.196666666666669876e-02 -3.310594621895440182e-01 3.368522256251350044e-01 -8.696135142980909727e-01 -4.201058797474060413e-01 -2.059510617112720043e-01 -3.938580599633429435e-01 -6.326353254415280070e-01 4.808396474643540364e-01 1.124553525150679967e+00 3.895714860834939564e-01 -4.172229195228439602e-01 2.696280380958119838e-01 -2.464195055719390071e-01 -5.803046303511970594e-01 1.129818777909480237e-01 -2.931267532127880271e-01 2.046812498295400018e-01 1.001458078435269877e-01 -3.019099088491270511e-01
3.329666666666669661e-02 -9.519001378386800216e-03 -5.674588976328629464e-01 -1.178764844596310146e+00 1.903544418090699908e-01 8.669048491268049883e-02 -2.106524527200240027e-01 -8.831550888611179595e-02 -3.373127877234370353e-01 -3.517795966129080298e-01 -5.111995473258059697e-01 -3.730016119129969665e-01 8.228636748417489377e-02 1.076383654726549982e-01 5.689883989607110726e-01 1.742042300654200182e-01 -4.927387778002339722e-03 -4.594459848285039616e-01 1.701597550981640006e-01 1.068947083972950018e+00
3.191666666666669733e-02 -6.483385699219170739e-01 -2.123218407003489849e-01 -1.124244982884330113e-01 2.628303042713049931e-01 1.447982076178850053e-01 8.992244066110390843e-01 3.203791287336839599e-01 -1.100399452084419860e-01 6.288487695746329820e-01 4.180405777873069662e-01 -6.600877303486810121e-02 -4.115726695987829697e-01 6.263501461829871220e-01 -5.575412516590970702e-01 1.007139284873770135e+00 9.431718050570479794e-02 -4.916573512130940071e-01 8.221678960164019445e-02 1.930953447046609983e-01
3.391999999999999876e-02 -3.232124013785420136e-01 -3.472079094709299985e-01 7.879566076185620660e-02 6.599239565134219498e-01 3.942038152012800056e-02 -6.116923206214439634e-01 -3.222932526754069826e-01 -2.954327296195050079e-01 -2.692634849196149927e-01 -9.554901146874220097e-02 -5.307621664745960643e-01 -5.227539209182340274e-01 -2.425480015706039660e-01 9.558581308594058523e-01 3.619037774698039694e-02 6.644303038955510221e-01 -1.144613344866579896e-01 -4.855714567554779149e-01 -8.137795812776119631e-01
3.128000000000000225e-02 -3.988253068341620078e-01 3.654784338455179249e-01 2.128678665504549761e-01 -5.306507215060859428e-01 -1.198560654443850071e+00 -8.950697974135710111e-02 3.373277114583559944e-01 3.575054544074849905e-01 -5.438593721058389008e-01 2.389394617685950128e-01 -3.474788312382899869e-01 1.425983842286180081e-01 -2.025438976903250199e-01 -2.451631698778539981e-01 -1.019685466245940086e-01 2.046572170046299932e-01 -9.895138760631270181e-01 5.548651307961259826e-01 2.255656663033119846e-01
3.571333333333329835e-02 -6.581248173679979385e-02 5.737865170000769899e-01 7.633724320382480333e-02 -3.419495763490710272e-01 -6.242953584642910725e-01 -4.262143161918829914e-01 -1.042523648457930191e-01 -4.878982656753039909e-02 7.419088603215050204e-02 5.295483354749249694e-01 5.162382893890179458e-01 -7.694488212144379169e-01 1.139371817343409976e+00 -1.124341118768960035e-01 -3.202406865249989298e-01 2.720865932093819994e-01 9.898154011362750304e-02 -6.554627130250729738e-01 -5.382961810037090178e-02
3.365333333333329902e-02 -5.217344291573559889e-02 1.772508317323709948e-01 -6.953065033902940117e-02 1.677467738370299888e-01 2.123126164622110013e-01 -9.803472440222370243e-02 -2.144253421769949930e-01 -6.034937426693369744e-01 2.405038765433369918e-01 5.902245671655099724e-01 4.956123749427240321e-01 6.386618502115649909e-02 -5.355818882844820550e-01 -1.520605387987130075e-01 -4.466468410942820433e-01 -1.028333576396879945e+00 -8.154167560494640643e-01 -3.444050994261270149e-01 8.102357908194820491e-01
3.171333333333330173e-02 4.752985197258339789e-01 -8.868346869383350040e-01 -4.681963988824269784e-01 -4.707010237211539661e-01 -3.136156428773499427e-01 6.269220392457440783e-01 -2.060452813203660360e-01 7.520080068062908740e-01 1.053134658249100103e-01 -3.515935212222560668e-01 -3.978384815736719926e-02 3.812629759335000035e-01 6.034853387091480004e-01 1.739754514836509836e-01 -2.424230297852340010e-01 7.503967451124610166e-01 4.110550889054139789e-01 -4.074795838127479586e-01 -3.578244203522379929e-01
3.477666666666669876e-02 2.445865280694330124e-01 7.753978339176779977e-02 3.158667234581329919e-01 -8.144692235378300782e-02 4.903199718902310211e-01 -3.701790954297289882e-01 2.356455465813580286e-01 -3.318103630859809972e-01 2.979149676643980116e-01 -8.967344896017008793e-01 -6.180943440035150394e-01 2.206208909098960058e-01 8.359310611285128978e-01 -6.869861743222419603e-01 -4.109821825826339148e-01 3.229595445807449949e-01 -4.383821422440499771e-01 6.730877661395899825e-01 -5.094023908656489935e-02
3.278999999999999970e-02 -1.884965185721400038e-01 -1.620401199906590095e-01 3.845553758358389862e-01 -1.692040298960720002e-01 -4.806760711940649689e-01 2.784875676576339942e-01 1.153530909284370187e+00 -3.065245915469880233e-01 1.043896499566180136e+00 -2.833776764103069778e-01 -1.327683706178109987e-03 -2.789977512616789723e-01 -6.576099292780439587e-01 4.819481701791589745e-01 -1.490592107891250129e-01 3.913712236842739611e-01 3.386652744536580162e-01 -2.650994962871739413e-01 -3.351020597126849743e-02
3.255333333333330220e-02 6.177191351822910459e-01 -3.841337563515480058e-01 -3.609706935967079700e-01 -7.302323829766550478e-01 2.647967148040960006e-01 1.950165457653100023e-02 2.907777423705579789e-01 -6.259729040210488815e-01 -2.990631185134319803e-01 3.701363840340790023e-01 4.185507078067570164e-01 -6.181086707874360320e-01 -8.071639705704369838e-02 5.164095841605349513e-01 6.387468825013259410e-02 -4.766320260134580128e-02 -7.566320077566119906e-01 4.871298914630159960e-01 -7.878485391354799194e-01
3.291666666666669822e-02 6.762977355569299576e-01 -1.195441069043530202e-01 1.767166640455120064e-01 -2.786983128833859791e-01 6.008698679986178570e-01 -2.702461428747839900e-01 3.688101341662199939e-01 7.833587194317758184e-01 2.901453642466120253e-01 4.667841863011090719e-01 -6.142777461296089481e-01 -3.515287677515419595e-01 -5.082358001475610898e-01 -1.262649505600830224e-01 -1.076287247599510000e+00 -9.257646761304419436e-02 -3.556492971882300180e-01 -3.242763235141699618e-01 -5.886919184059140331e-02
3.522333333333330097e-02 -7.683919285923670461e-01 1.366905104517250058e-01 5.174548217457349691e-02 -2.573582320756209740e-01 2.607897010101600244e-01 4.805357280863010172e-01 -6.049488997535570345e-01 2.304233458020110148e-01 -6.263140749625799586e-01 -3.269255968652030053e-01 -8.470390176931400505e-01 -8.738492514924069976e-01 -3.463464300097880422e-01 -3.020496291187839688e-01 -2.594509531411989811e-01 -1.490695242480400140e-01 3.667022686726330027e-01 -3.691258774076729976e-01 4.045240768218080207e-01
3.264666666666669881e-02 -4.126871205436779544e-01 -6.810882441772728724e-01 5.185122577686750445e-01 1.057844092147939952e+00 -1.308207614102210037e-01 4.126749737911150073e-01 -7.263156595672859428e-02 1.547481475485699975e-01 1.807945741968449982e-01 5.439378088103700160e-01 4.140150843357719990e-01 6.016887915505949591e-01 2.546994928009560510e-01 2.554114001620040320e-01 -4.372616596082419815e-01 -4.928344363123410288e-01 -3.430959573908630156e-01 9.477501485152109439e-02 -6.244930172833530468e-01
3.350333333333330166e-02 6.334992996703689982e-01 -4.090026728709389992e-01 1.231114860753930035e-01 4.085770509934410488e-01 -2.539471162058810072e-01 1.527108145774140058e-01 -5.708186205605029206e-01 4.522544137109140161e-01 1.900329586894620171e-01 -3.987628308095529928e-01 4.642921197937970867e-01 -6.549093243663929309e-01 -7.513500880758020584e-01 -9.348133532317620675e-01 3.430382874300389462e-01 -1.108525355431409926e-01 1.793623788077240155e-01 3.822488809834270196e-01 -4.823327389367029205e-01
3.137666666666669851e-02 1.709382345484030119e-01 8.922232332441299985e-01 -5.683546166896129570e-01 -4.680293459626980179e-01 1.240212846876379976e-01 -5.736656481727300250e-01 4.402950454854470674e-01 -2.937581917611200022e-01 -2.263055756373239802e-01 -5.892270055698199949e-01 5.408248709234400042e-01 -3.821369658811320513e-01 -6.373750662106659748e-01 -1.942477019089160206e-01 8.162561955510060363e-01 -2.929942764713460157e-01 4.017559724404979327e-01 -2.782855327362890319e-01 1.686749841206389988e-01
3.423000000000000348e-02 2.344654644437730098e-02 5.061515577932870075e-02 -9.724833059102679922e-01 5.877538748827589865e-01 4.230957161222530238e-02 2.375615044372990092e-01 9.019835338266229963e-01 -3.897383788110569958e-01 -5.861089128235040802e-01 1.561705514940459893e-01 2.712841263239130218e-01 1.670360138640180070e-01 -1.602118963992530398e-01 -7.289068881371679742e-01 -5.297420713033650363e-01 3.974741067244629833e-01 3.340740639580720428e-01 2.787353297936170371e-01 -3.800105208391690303e-01
3.276666666666670086e-02 4.806178494257720701e-01 2.879349021075839898e-01 -3.261117892564219800e-01 7.594397024270070906e-01 3.529336275574609383e-01 5.862628693434620564e-01 -1.116154680652530068e-01 -2.649358506585799966e-01 4.738474710553649549e-01 -4.190123268584620142e-01 8.438124567199280224e-02 -4.183799370316120259e-01 6.208039035671379935e-01 2.103755061814080174e-01 -4.736986022945729458e-01 -6.776431326982529368e-01 8.912951951632041014e-01 -2.525840965602960120e-01 3.259550602072119885e-01
3.230000000000000232e-02 -7.390231127299590197e-01 9.585604768174078583e-01 1.444373995180469883e-01 6.202979744115729721e-01 -5.162047011318069423e-01 -3.030974262520730322e-01 -1.906662117216569863e-01 8.167194327991560143e-02 1.995338117758460039e-01 -8.656178434659940191e-01 2.915401181322219704e-01 3.274058703502920054e-01 -1.692599951541099712e-01 4.643324285096269710e-01 -5.798257716314448862e-01 -1.754934727957569718e-01 1.127622736936780001e-01 5.922312268526639389e-01 -2.098799661379880110e-01
3.238333333333329872e-02 8.953212428548980029e-01 3.495823846044109895e-01 4.936201643098649949e-01 6.099732257441160127e-02 -5.249684115871469658e-02 4.652386128764149364e-01 -1.415189855312780076e-01 4.848076574191910182e-01 -1.331056849553730048e+00 -2.297249582933819922e-01 4.391919690093950002e-01 4.117233442699879675e-01 2.891029836240470094e-02 -5.817563609868590252e-02 -2.351602331972639515e-01 -2.059944112173019981e-01 -2.795222084244699534e-01 -5.167387723415020062e-01 1.435789705093209745e-01
3.388333333333330005e-02 -3.002170768031210413e-01 -6.471031079138989117e-01 4.194298796167029164e-01 -3.942008366706799549e-01 -6.296662542843369792e-01 2.270692303616230201e-01 3.280989075576120073e-01 -6.851392593709150214e-01 -3.752618509994319895e-01 -5.814598194373979956e-01 -1.968973770097930120e-01 1.938057230869549841e-01 1.996582196800369691e-01 -4.908584528170760186e-01 5.396934924413729906e-01 -8.501289431808610741e-01 4.059098553071219945e-02 -4.943611793472639238e-01 -4.358664864671210060e-01
3.315666666666670231e-02 -3.802063387428770286e-02 1.399986713883349942e-01 6.623900977004129054e-01 9.946743287715589799e-02 1.346611560977280186e+00 -9.570204040784870136e-02 -2.309195091844689907e-01 -3.980443630307500258e-01 2.536831385257439786e-01 -8.847498637686570730e-03 4.921548429984970441e-01 3.135395116530410031e-01 -1.266831471075689948e-02 -1.402622881836289859e-01 5.065017009565240258e-01 6.988585939395949298e-01 2.580956175750720102e-02 -7.022734440543321188e-01 2.206323996449730263e-01
3.414999999999999980e-02 -3.029185406339759967e-01 -7.452007096209489756e-02 -1.130754352553000053e-01 -3.553162850690329555e-01 -2.116934479960199955e-01 7.555440564198421249e-01 -7.637592092904840202e-01 -5.122916462082569566e-01 1.253645715130640159e-01 3.250405455380960262e-01 4.689762312673799727e-01 2.662839856094239566e-01 -5.252385832864669979e-01 9.216796513374339583e-02 -3.081936761423780258e-01 1.114652903309620191e+00 9.555702947288141277e-03 4.581209238631049341e-01 4.730757527290530007e-01
3.514333333333329729e-02 1.121448151907830093e+00 2.426279749901610328e-01 5.175352019323290476e-01 -4.015871982345430025e-02 -5.754032066362609887e-01 1.142709394065680173e-01 -3.441272257570200388e-01 -3.703394100317529691e-01 5.538113874410259818e-01 8.060756291339020441e-02 -5.243145063655529903e-01 3.218634635186169990e-01 3.770566162722339965e-02 7.563223601825920239e-01 6.099003965188148912e-01 -2.012704503010170065e-01 3.923194920754349835e-02 3.542599974400489904e-01 3.714357595248229948e-01
3.292666666666670128e-02 -8.362949086162059509e-02 -7.811045257620941040e-01 5.209744348213219967e-01 -6.056544776520820239e-01 1.037462463125769924e-01 -1.193854617955830033e+00 -7.322513875850870102e-01 -2.510802451496710330e-01 -2.321538040860880170e-01 -2.744133410362269848e-02 4.432354481666671009e-01 1.780791784432749769e-01 1.302378162944050066e-01 -3.675191724881270161e-02 -4.266245547466660515e-01 -2.833626273068720058e-01 4.972968413027920587e-01 3.261239701053150197e-01 2.298228706405940069e-02
3.630333333333329859e-02 -2.195775190104480024e-01 -3.417842817839710223e-01 2.560118571567980283e-01 -6.516337521843719449e-02 2.749269511167500291e-01 4.731718883452330077e-02 6.026397926294370100e-01 9.221961870133620343e-01 -2.517849447601689938e-01 2.292711499165019651e-01 4.618882282331489564e-01 -4.634063519799670461e-01 2.511641664334369750e-01 4.813256977574520423e-01 2.450577158904639896e-01 -1.114902005291729947e-01 5.571863352157739868e-01 9.597359699229929264e-01 6.558087042684310752e-01
3.475666666666669957e-02 2.193582775752410396e-01 -2.640066293110510109e-01 2.444102006096610102e-01 8.754436375644699675e-01 -3.784888727247479601e-01 -8.456652271943159160e-01 2.865581716156280212e-01 2.971813758824840002e-01 -1.599525043058840079e-01 6.042570513737550719e-01 -4.880448114545909988e-01 2.873605909502769395e-01 -2.316083659642710069e-01 -5.732584663094200117e-01 5.689780453451899200e-01 4.817600410820250256e-01 2.656122145958260128e-01 -3.222986635279529999e-01 5.596565050935400354e-01
3.247666666666670227e-02 3.438059931146349862e-02 9.367369907562920206e-01 5.522833747650820330e-02 1.124471396182430138e-01 4.918119450244929913e-01 3.400611289291160522e-01 -6.218972862752049080e-01 -3.062858391939229930e-02 -5.859666805964489633e-01 5.713489451140529862e-01 -3.479476730935470163e-01 6.522926083129229613e-02 4.345890222715800277e-01 -4.401063192719170680e-03 5.546956953678260360e-01 -4.097586899006690209e-02 2.041113660086339709e-01 7.184921127058259138e-01 -8.571024065937880021e-01
0.000000000000000000e+00 0.000000000000000000e+00 0.000000000000000000e+00 0.000000000000000000e+00 0.000000000000000000e+00 0.000000000000000000e+00 0.000000000000000000e+00 0.000000000000000000e+00 0.000000000000000000e+00 0.000000000000000000e+00 0.000000000000000000e+00 0.000000000000000000e+00 0.000000000000000000e+00 0.000000000000000000e+00 0.000000000000000000e+00 0.000000000000000000e+00 0.000000000000000000e+00 0.000000000000000000e+00 0.000000000000000000e+00 0.000000000000000000e+00
